[12, 12, 12]
[12, 14, 12]
[12, 14, 12]
[12, 16, 10]
[14, 16, 8]
[14, 12, 12]
[12, 12, 15]
[12, 12, 15]
[14, 14, 12]
[14, 14, 12]
[12, 16, 12]
[16, 16, 8]
[14, 14, 12]
[12, 16, 12]
[12, 12, 16]
[16, 16, 8]
[16, 12, 12]
[14, 14, 12]
[12, 14, 15]
[14, 14, 14]
[14, 14, 14]
[16, 14, 12]
[14, 14, 14]
[16, 14, 12]
[16, 16, 10]
[12, 14, 16]
[14, 14, 14]
[16, 14, 12]
[18, 12, 12]
[14, 16, 12]
[18, 16, 8]
[16, 14, 12]
[14, 14, 15]
[14, 14, 15]
[12, 14, 17]
[16, 14, 14]
[16, 14, 14]
[16, 14, 14]
[16, 12, 16]
[14, 14, 16]
[16, 14, 14]
[18, 14, 12]
[12, 16, 16]
[16, 16, 12]
[20, 12, 12]
[16, 14, 14]
[18, 14, 12]
[14, 16, 14]
[16, 16, 12]
[16, 12, 16]
[16, 14, 15]
[14, 14, 17]
[15, 14, 16]
[16, 12, 17]
[18, 14, 14]
[16, 14, 16]
[16, 16, 14]
[18, 14, 14]
[16, 14, 16]
[18, 16, 12]
[20, 14, 12]
[16, 16, 14]
[16, 16, 14]
[18, 16, 12]
[22, 12, 12]
[16, 14, 16]
[18, 14, 14]
[16, 14, 16]
[16, 16, 14]
[18, 16, 12]
[18, 12, 16]
[16, 16, 15]
[16, 14, 17]
[21, 14, 12]
[15, 16, 16]
[23, 12, 12]
[18, 14, 16]
[16, 16, 16]
[20, 14, 14]
[18, 16, 14]
[22, 14, 12]
[18, 14, 16]
[16, 16, 16]
[18, 14, 16]
[22, 14, 12]
[18, 12, 18]
[20, 16, 12]
[16, 16, 16]
[18, 16, 14]
[16, 16, 16]
[23, 14, 12]
[16, 16, 17]
[17, 16, 16]
[18, 16, 16]
[18, 14, 18]
[22, 14, 14]
[24, 14, 12]
[20, 14, 16]
[18, 16, 16]
[18, 16, 16]
[20, 14, 16]
[18, 14, 18]
[18, 16, 16]
[20, 16, 14]
[22, 16, 12]
[18, 16, 16]
[23, 16, 12]
[18, 16, 17]
[24, 14, 14]
[22, 14, 16]
[18, 16, 18]
[20, 16, 16]
[24, 14, 14]
[22, 14, 16]
[20, 14, 18]
[24, 16, 12]
[20, 16, 16]
[18, 16, 18]
[18, 18, 16]
[19, 16, 18]
[24, 14, 16]
[22, 16, 16]
[24, 14, 16]
[22, 14, 18]
[20, 16, 18]
[18, 18, 18]
[23, 16, 16]
[24, 16, 16]
[24, 14, 18]
[24, 16, 16]
[22, 16, 18]
[25, 16, 16]
[23, 16, 18]